  1000.00  0000.00  0000.00
  0996.52  0000.57  0000.00
  0986.34  0002.42  0000.00
  0970.04  0005.71  0000.00
  0948.18  0010.36  0000.00
  0921.27  0016.15  0000.00
  0889.67  0022.89  0000.00
  0853.81  0030.49  0000.00
  0814.27  0038.85  0000.00
  0771.66  0047.78  0000.00
  0726.62  0057.02  0000.00
  0679.73  0066.26  0000.00
  0631.54  0075.17  0000.00
  0582.54  0083.47  0000.00
  0533.22  0090.89  0000.00
  0484.02  0097.23  0000.00
  0435.40  0102.29  0000.00
  0387.79  0105.92  0000.00
  0341.59  0108.01  0000.00
  0297.20  0108.46  0000.00
  0254.96  0107.22  0000.00
  0215.21  0104.28  0000.00
  0178.25  0099.65  0000.00
  0144.32  0093.40  0000.00
  0113.63  0085.62  0000.00
  0086.37  0076.47  0000.00
  0062.69  0066.16  0000.00
  0042.72  0054.91  0000.00
  0026.50  0043.00  0000.00
  0014.10  0030.81  0000.00
  0005.62  0018.71  0000.00
  0001.03  0007.11  0000.00
  0000.27  -0003.27  0000.00
  0004.25  -0011.15  0000.00
  0014.14  -0017.01  0000.00
  0029.91  -0022.05  0000.00
  0050.99  -0026.23  0000.00
  0077.10  -0029.48  0000.00
  0107.98  -0031.79  0000.00
  0143.28  -0033.19  0000.00
  0182.65  -0033.67  0000.00
  0225.70  -0033.27  0000.00
  0271.99  -0032.06  0000.00
  0321.05  -0030.10  0000.00
  0372.38  -0027.47  0000.00
  0425.47  -0024.26  0000.00
  0479.79  -0020.64  0000.00
  0534.77  -0016.80  0000.00
  0589.75  -0012.95  0000.00
  0644.03  -0009.27  0000.00
  0696.92  -0005.93  0000.00
  0747.68  -0003.07  0000.00
  0795.57  -0000.79  0000.00
  0839.90  0000.87  0000.00
  0879.98  0001.89  0000.00
  0915.18  0002.30  0000.00
  0944.91  0002.16  0000.00
  0968.64  0001.63  0000.00
  0985.93  0000.92  0000.00
  0996.46  0000.27  0000.00
  1000.00  0000.00  0000.00
