  100.000  000.000  000.000
  099.652  000.057  000.000
  098.634  000.242  000.000
  097.004  000.571  000.000
  094.818  001.036  000.000
  092.127  001.615  000.000
  088.967  002.289  000.000
  085.381  003.049  000.000
  081.427  003.885  000.000
  077.166  004.778  000.000
  072.662  005.702  000.000
  067.973  006.626  000.000
  063.154  007.517  000.000
  058.254  008.347  000.000
  053.322  009.089  000.000
  048.402  009.723  000.000
  043.540  010.229  000.000
  038.779  010.592  000.000
  034.159  010.801  000.000
  029.720  010.846  000.000
  025.496  010.722  000.000
  021.521  010.428  000.000
  017.825  009.965  000.000
  014.432  009.340  000.000
  011.363  008.562  000.000
  008.637  007.647  000.000
  006.269  006.616  000.000
  004.272  005.491  000.000
  002.650  004.300  000.000
  001.410  003.081  000.000
  000.562  001.871  000.000
  000.103  000.711  000.000
  000.027  -000.327  000.000
  000.425  -001.115  000.000
  001.414  -001.701  000.000
  002.991  -002.205  000.000
  005.099  -002.623  000.000
  007.710  -002.948  000.000
  010.798  -003.179  000.000
  014.328  -003.319  000.000
  018.265  -003.367  000.000
  022.570  -003.327  000.000
  027.199  -003.206  000.000
  032.105  -003.010  000.000
  037.238  -002.747  000.000
  042.547  -002.426  000.000
  047.979  -002.064  000.000
  053.477  -001.680  000.000
  058.975  -001.295  000.000
  064.403  -000.927  000.000
  069.692  -000.593  000.000
  074.768  -000.307  000.000
  079.557  -000.079  000.000
  083.990  000.087  000.000
  087.998  000.189  000.000
  091.518  000.230  000.000
  094.491  000.216  000.000
  096.864  000.163  000.000
  098.593  000.092  000.000
  099.646  000.027  000.000
  100.000  000.000  000.000
